chunk.id	cdr3.alpha	v.alpha	j.alpha	cdr3.beta	v.beta	d.beta	j.beta	species	mhc.a	mhc.b	mhc.class	antigen.epitope	antigen.gene	antigen.species	reference.id	method.identification	method.frequency	method.singlecell	method.sequencing	method.verification	meta.study.id	meta.cell.subset	meta.subset.frequency	meta.subject.cohort	meta.subject.id	meta.replica.id	meta.clone.id	meta.epitope.id	meta.tissue	meta.donor.MHC	meta.donor.MHC.method	meta.structure.id
1				CASSLRGGGASYNEQFF	TRBV7-8		TRBJ2-1	HomoSapiens	HLA-B*57:01	B2M	MHCI	ISPRTLNAW	Pol	HIV-1	PMID:22278241	Tetramer-sort	11/36		amplicon-seq			CD8+		HIV+-LTNP/EC	4			IW9	PBMC			
2				CASSPWTYGTGTLNEKLFF	TRBV7-8		TRBJ1-4	HomoSapiens	HLA-B*57:01	B2M	MHCI	ISPRTLNAW	Pol	HIV-1	PMID:22278241	Tetramer-sort	10/36		amplicon-seq			CD8+		HIV+-LTNP/EC	4			IW9	PBMC			
3				CASSLKLADEQFF	TRBV11-2		TRBJ2-1	HomoSapiens	HLA-B*57:01	B2M	MHCI	ISPRTLNAW	Pol	HIV-1	PMID:22278241	Tetramer-sort	4/36		amplicon-seq			CD8+		HIV+-LTNP/EC	4			IW9	PBMC			
4				CASSQDGLLNSYEQYF	TRBV4-1		TRBJ2-7	HomoSapiens	HLA-B*57:01	B2M	MHCI	ISPRTLNAW	Pol	HIV-1	PMID:22278241	Tetramer-sort	2/36		amplicon-seq			CD8+		HIV+-LTNP/EC	4			IW9	PBMC			
5				CASGLGRGWNTEAFF	TRBV12-5		TRBJ1-1	HomoSapiens	HLA-B*57:01	B2M	MHCI	ISPRTLNAW	Pol	HIV-1	PMID:22278241	Tetramer-sort	2/36		amplicon-seq			CD8+		HIV+-LTNP/EC	4			IW9	PBMC			
6				CASSRQLGTGELFF	TRBV2		TRBJ2-2	HomoSapiens	HLA-B*57:01	B2M	MHCI	ISPRTLNAW	Pol	HIV-1	PMID:22278241	Tetramer-sort	1/36		amplicon-seq			CD8+		HIV+-LTNP/EC	4			IW9	PBMC			
7				CASSQDPTANSEAFF	TRBV4-1		TRBJ1-1	HomoSapiens	HLA-B*57:01	B2M	MHCI	ISPRTLNAW	Pol	HIV-1	PMID:22278241	Tetramer-sort	1/36		amplicon-seq			CD8+		HIV+-LTNP/EC	4			IW9	PBMC			
8				CASSQDSTSYGYTF	TRBV4-1		TRBJ1-2	HomoSapiens	HLA-B*57:01	B2M	MHCI	ISPRTLNAW	Pol	HIV-1	PMID:22278241	Tetramer-sort	1/36		amplicon-seq			CD8+		HIV+-LTNP/EC	4			IW9	PBMC			
9				CASSQEGHSNQPQHF	TRBV4-1		TRBJ1-5	HomoSapiens	HLA-B*57:01	B2M	MHCI	ISPRTLNAW	Pol	HIV-1	PMID:22278241	Tetramer-sort	1/36		amplicon-seq			CD8+		HIV+-LTNP/EC	4			IW9	PBMC			
10				CASSLVLLGNSPLHF	TRBV7-2		TRBJ1-6	HomoSapiens	HLA-B*57:01	B2M	MHCI	ISPRTLNAW	Pol	HIV-1	PMID:22278241	Tetramer-sort	1/36		amplicon-seq			CD8+		HIV+-LTNP/EC	4			IW9	PBMC			
11				CASSLLQGAASPLHF	TRBV7-9		TRBJ1-6	HomoSapiens	HLA-B*57:01	B2M	MHCI	ISPRTLNAW	Pol	HIV-1	PMID:22278241	Tetramer-sort	1/36		amplicon-seq			CD8+		HIV+-LTNP/EC	4			IW9	PBMC			
12				CASSIWLSGPNYGYTF	TRBV19		TRBJ1-2	HomoSapiens	HLA-B*57:01	B2M	MHCI	ISPRTLNAW	Pol	HIV-1	PMID:22278241	Tetramer-sort	1/36		amplicon-seq			CD8+		HIV+-LTNP/EC	4			IW9	PBMC			
13				CASGTKYYGYTF	TRBV27		TRBJ1-2	HomoSapiens	HLA-B*57:01	B2M	MHCI	QASQEVKNW	Gag	HIV-1	PMID:22278241	Tetramer-sort	50/50		amplicon-seq			CD8+		HIV+-LTNP/EC	4			QW9	PBMC			
14				CASSSQGYGRAQH	TRBV27		TRBJ1-5	HomoSapiens	HLA-B*57:01	B2M	MHCI	QASQEVKNW	Gag	HIV-1	PMID:22278241	Tetramer-sort	80/90		amplicon-seq			CD8+		HIV+-LTNP/EC	6			QW9	PBMC			
15				CASSQYLLAGARGTYEQYF	TRBV3-1		TRBJ2-7	HomoSapiens	HLA-B*57:01	B2M	MHCI	QASQEVKNW	Gag	HIV-1	PMID:22278241	Tetramer-sort	2/90		amplicon-seq			CD8+		HIV+-LTNP/EC	6			QW9	PBMC			
16				CASSQGGVQPQHF	TRBV12-4		TRBJ1-5	HomoSapiens	HLA-B*57:01	B2M	MHCI	QASQEVKNW	Gag	HIV-1	PMID:22278241	Tetramer-sort	2/90		amplicon-seq			CD8+		HIV+-LTNP/EC	6			QW9	PBMC			
17				CASSTPSIPWSTDDFFEQY	TRBV7-9		TRBJ2-7	HomoSapiens	HLA-B*57:01	B2M	MHCI	QASQEVKNW	Gag	HIV-1	PMID:22278241	Tetramer-sort	1/90		amplicon-seq			CD8+		HIV+-LTNP/EC	6			QW9	PBMC			
18				CASSWRVMNTEAFF	TRBV12-3		TRBJ1-1	HomoSapiens	HLA-B*57:01	B2M	MHCI	QASQEVKNW	Gag	HIV-1	PMID:22278241	Tetramer-sort	1/90		amplicon-seq			CD8+		HIV+-LTNP/EC	6			QW9	PBMC			
10				CASRPDRAGSNQPQHF	TRBV12-4		TRBJ1-5	HomoSapiens	HLA-B*57:01	B2M	MHCI	QASQEVKNW	Gag	HIV-1	PMID:22278241	Tetramer-sort	1/90		amplicon-seq			CD8+		HIV+-LTNP/EC	6			QW9	PBMC			
20				CASGSQGYGRAQH	TRBV27		TRBJ1-5	HomoSapiens	HLA-B*57:01	B2M	MHCI	QASQEVKNW	Gag	HIV-1	PMID:22278241	Tetramer-sort	1/90		amplicon-seq			CD8+		HIV+-LTNP/EC	6			QW9	PBMC			
21				CASSSQGHGRAQH	TRBV27		TRBJ1-5	HomoSapiens	HLA-B*57:01	B2M	MHCI	QASQEVKNW	Gag	HIV-1	PMID:22278241	Tetramer-sort	1/90		amplicon-seq			CD8+		HIV+-LTNP/EC	6			QW9	PBMC			
22				CASSSQGYGGAQH	TRBV27		TRBJ1-5	HomoSapiens	HLA-B*57:01	B2M	MHCI	QASQEVKNW	Gag	HIV-1	PMID:22278241	Tetramer-sort	1/90		amplicon-seq			CD8+		HIV+-LTNP/EC	6			QW9	PBMC			
23				CASSHGQGMKTQYF	TRBV7-9		TRBJ2-5	HomoSapiens	HLA-B*57:01	B2M	MHCI	ISPRTLNAW	Pol	HIV-1	PMID:22278241	Tetramer-sort	23/29		amplicon-seq			CD8+		HIV+-LTNP/EC	7			IW9	PBMC			
24				CSALQLGGAGANEQFF	TRBV20-1		TRBJ2-1	HomoSapiens	HLA-B*57:01	B2M	MHCI	ISPRTLNAW	Pol	HIV-1	PMID:22278241	Tetramer-sort	2/29		amplicon-seq			CD8+		HIV+-LTNP/EC	7			IW9	PBMC			
25				CANSHGQGMKTQYF	TRBV7-9		TRBJ2-5	HomoSapiens	HLA-B*57:01	B2M	MHCI	ISPRTLNAW	Pol	HIV-1	PMID:22278241	Tetramer-sort	1/29		amplicon-seq			CD8+		HIV+-LTNP/EC	7			IW9	PBMC			
26				CASSLGRGMKTQYF	TRBV7-9		TRBJ2-5	HomoSapiens	HLA-B*57:01	B2M	MHCI	ISPRTLNAW	Pol	HIV-1	PMID:22278241	Tetramer-sort	1/29		amplicon-seq			CD8+		HIV+-LTNP/EC	7			IW9	PBMC			
27				CASSYGQGMKTQYF	TRBV7-9		TRBJ2-5	HomoSapiens	HLA-B*57:01	B2M	MHCI	ISPRTLNAW	Pol	HIV-1	PMID:22278241	Tetramer-sort	1/29		amplicon-seq			CD8+		HIV+-LTNP/EC	7			IW9	PBMC			
28				CATSPGQGMKTQYF	TRBV7-9		TRBJ2-5	HomoSapiens	HLA-B*57:01	B2M	MHCI	ISPRTLNAW	Pol	HIV-1	PMID:22278241	Tetramer-sort	1/29		amplicon-seq			CD8+		HIV+-LTNP/EC	7			IW9	PBMC			
29				CASTYDRGFTGELFF	TRBV5-1		TRBJ2-2	HomoSapiens	HLA-B*57:01	B2M	MHCI	ISPRTLNAW	Pol	HIV-1	PMID:22278241	Tetramer-sort	60/62		amplicon-seq			CD8+		HIV+-LTNP/EC	8			IW9	PBMC			
30				CASTYDRGFTGGLF	TRBV5-1		TRBJ2-2	HomoSapiens	HLA-B*57:01	B2M	MHCI	ISPRTLNAW	Pol	HIV-1	PMID:22278241	Tetramer-sort	2/62		amplicon-seq			CD8+		HIV+-LTNP/EC	8			IW9	PBMC			
31				CASSMTYGYTF	TRBV19		TRBJ1-2	HomoSapiens	HLA-B*57:01	B2M	MHCI	KAFSPEVIPMF	Gag	HIV-1	PMID:22278241	Tetramer-sort	33/48		amplicon-seq			CD8+		HIV+-LTNP/EC	8			KF11	PBMC			
32				CASSGSYGYTF	TRBV19		TRBJ1-2	HomoSapiens	HLA-B*57:01	B2M	MHCI	KAFSPEVIPMF	Gag	HIV-1	PMID:22278241	Tetramer-sort	13/48		amplicon-seq			CD8+		HIV+-LTNP/EC	8			KF11	PBMC			
33				CASRMTYGYTF	TRBV19		TRBJ1-2	HomoSapiens	HLA-B*57:01	B2M	MHCI	KAFSPEVIPMF	Gag	HIV-1	PMID:22278241	Tetramer-sort	1/48		amplicon-seq			CD8+		HIV+-LTNP/EC	8			KF11	PBMC			
34				CASSTTYGYTF	TRBV19		TRBJ1-2	HomoSapiens	HLA-B*57:01	B2M	MHCI	KAFSPEVIPMF	Gag	HIV-1	PMID:22278241	Tetramer-sort	1/48		amplicon-seq			CD8+		HIV+-LTNP/EC	8			KF11	PBMC			
35				CASSLMSGTDTQYF	TRBV7-6		TRBJ2-3	HomoSapiens	HLA-B*57:01	B2M	MHCI	KAFSPEVIPMF	Gag	HIV-1	PMID:22278241	Tetramer-sort	77/93		amplicon-seq			CD8+		HIV+-LTNP/EC	30			KF11	PBMC			
36				CASSDRSQYGYTF	TRBV18		TRBJ1-2	HomoSapiens	HLA-B*57:01	B2M	MHCI	KAFSPEVIPMF	Gag	HIV-1	PMID:22278241	Tetramer-sort	11/93		amplicon-seq			CD8+		HIV+-LTNP/EC	30			KF11	PBMC			
37				CASNLMSGTDTQYF	TRBV7-6		TRBJ2-3	HomoSapiens	HLA-B*57:01	B2M	MHCI	KAFSPEVIPMF	Gag	HIV-1	PMID:22278241	Tetramer-sort	1/93		amplicon-seq			CD8+		HIV+-LTNP/EC	30			KF11	PBMC			
38				CASSLMPGTDTQYF	TRBV7-6		TRBJ2-3	HomoSapiens	HLA-B*57:01	B2M	MHCI	KAFSPEVIPMF	Gag	HIV-1	PMID:22278241	Tetramer-sort	1/93		amplicon-seq			CD8+		HIV+-LTNP/EC	30			KF11	PBMC			
39				CASTLMSGTDTQYF	TRBV7-6		TRBJ2-3	HomoSapiens	HLA-B*57:01	B2M	MHCI	KAFSPEVIPMF	Gag	HIV-1	PMID:22278241	Tetramer-sort	1/93		amplicon-seq			CD8+		HIV+-LTNP/EC	30			KF11	PBMC			
40				CATGPGAREQYF	TRBV15		TRBJ2-7	HomoSapiens	HLA-B*57:01	B2M	MHCI	KAFSPEVIPMF	Gag	HIV-1	PMID:22278241	Tetramer-sort	1/93		amplicon-seq			CD8+		HIV+-LTNP/EC	30			KF11	PBMC			
41				CSVEDQTDPGYTF	TRBV29-1		TRBJ1-2	HomoSapiens	HLA-B*57:01	B2M	MHCI	KAFSPEVIPMF	Gag	HIV-1	PMID:22278241	Tetramer-sort	1/93		amplicon-seq			CD8+		HIV+-LTNP/EC	30			KF11	PBMC			
42				CASRPGQGGYEQYF	TRBV27		TRBJ2-7	HomoSapiens	HLA-B*57:01	B2M	MHCI	ISPRTLNAW	Pol	HIV-1	PMID:22278241	Tetramer-sort	25/34		amplicon-seq			CD8+		HIV+-LTNP/EC	33			IW9	PBMC			
43				CASSQDPSGNPMETQYF	TRBV4-2		TRBJ2-5	HomoSapiens	HLA-B*57:01	B2M	MHCI	ISPRTLNAW	Pol	HIV-1	PMID:22278241	Tetramer-sort	5/34		amplicon-seq			CD8+		HIV+-LTNP/EC	33			IW9	PBMC			
44				CASSSGTASTDTQYF	TRBV2		TRBJ2-3	HomoSapiens	HLA-B*57:01	B2M	MHCI	ISPRTLNAW	Pol	HIV-1	PMID:22278241	Tetramer-sort	1/34		amplicon-seq			CD8+		HIV+-LTNP/EC	33			IW9	PBMC			
45				CASSPDPSGNPMETQYF	TRBV4-2		TRBJ2-5	HomoSapiens	HLA-B*57:01	B2M	MHCI	ISPRTLNAW	Pol	HIV-1	PMID:22278241	Tetramer-sort	1/34		amplicon-seq			CD8+		HIV+-LTNP/EC	33			IW9	PBMC			
46				CASRYPLDLRNTGELFF	TRBV5-1		TRBJ2-2	HomoSapiens	HLA-B*57:01	B2M	MHCI	ISPRTLNAW	Pol	HIV-1	PMID:22278241	Tetramer-sort	1/34		amplicon-seq			CD8+		HIV+-LTNP/EC	33			IW9	PBMC			
47				CAISGASHEQFF	TRBV10-3		TRBJ2-1	HomoSapiens	HLA-B*57:01	B2M	MHCI	ISPRTLNAW	Pol	HIV-1	PMID:22278241	Tetramer-sort	1/34		amplicon-seq			CD8+		HIV+-LTNP/EC	33			IW9	PBMC			
48				CASTQGRGGSGYTF	TRBV6-6		TRBJ1-2	HomoSapiens	HLA-B*57:01	B2M	MHCI	QASQEVKNW	Gag	HIV-1	PMID:22278241	Tetramer-sort	31/36		amplicon-seq			CD8+		HIV+-LTNP/EC	34			QW9	PBMC			
49				CASSQAGGDAEAFF	TRBV3-1		TRBJ1-1	HomoSapiens	HLA-B*57:01	B2M	MHCI	QASQEVKNW	Gag	HIV-1	PMID:22278241	Tetramer-sort	1/36		amplicon-seq			CD8+		HIV+-LTNP/EC	34			QW9	PBMC			
50				CASSPGTANSGNTIYF	TRBV5-1		TRBJ1-3	HomoSapiens	HLA-B*57:01	B2M	MHCI	QASQEVKNW	Gag	HIV-1	PMID:22278241	Tetramer-sort	1/36		amplicon-seq			CD8+		HIV+-LTNP/EC	34			QW9	PBMC			
51				CASSVDAGFTDTQY	TRBV9		TRBJ2-3	HomoSapiens	HLA-B*57:01	B2M	MHCI	QASQEVKNW	Gag	HIV-1	PMID:22278241	Tetramer-sort	1/36		amplicon-seq			CD8+		HIV+-LTNP/EC	34			QW9	PBMC			
52				CASSLRGDSNQPQHF	TRBV12-4		TRBJ1-5	HomoSapiens	HLA-B*57:01	B2M	MHCI	QASQEVKNW	Gag	HIV-1	PMID:22278241	Tetramer-sort	1/36		amplicon-seq			CD8+		HIV+-LTNP/EC	34			QW9	PBMC			
53				CASSPPSGIYNEQFF	TRBV28		TRBJ2-1	HomoSapiens	HLA-B*57:01	B2M	MHCI	QASQEVKNW	Gag	HIV-1	PMID:22278241	Tetramer-sort	1/36		amplicon-seq			CD8+		HIV+-LTNP/EC	34			QW9	PBMC			
54				CASSGTSYGYTF	TRBV6-1		TRBJ1-2	HomoSapiens	HLA-B*57:01	B2M	MHCI	KAFSPEVIPMF	Gag	HIV-1	PMID:22278241	Tetramer-sort	22/63		amplicon-seq			CD8+		HIV+-LTNP/EC	34			KF11	PBMC			
55				CASSLRRDSGPPSNQPQHF	TRBV7-6		TRBJ1-5	HomoSapiens	HLA-B*57:01	B2M	MHCI	KAFSPEVIPMF	Gag	HIV-1	PMID:22278241	Tetramer-sort	20/63		amplicon-seq			CD8+		HIV+-LTNP/EC	34			KF11	PBMC			
56				CATTGQDYGYTF	TRBV19		TRBJ1-2	HomoSapiens	HLA-B*57:01	B2M	MHCI	KAFSPEVIPMF	Gag	HIV-1	PMID:22278241	Tetramer-sort	6/63		amplicon-seq			CD8+		HIV+-LTNP/EC	34			KF11	PBMC			
57				CASSLLGTVGNQPQHF	TRBV27		TRBJ1-5	HomoSapiens	HLA-B*57:01	B2M	MHCI	KAFSPEVIPMF	Gag	HIV-1	PMID:22278241	Tetramer-sort	4/63		amplicon-seq			CD8+		HIV+-LTNP/EC	34			KF11	PBMC			
58				CASSGTAYGYTF	TRBV6-1		TRBJ1-2	HomoSapiens	HLA-B*57:01	B2M	MHCI	KAFSPEVIPMF	Gag	HIV-1	PMID:22278241	Tetramer-sort	3/63		amplicon-seq			CD8+		HIV+-LTNP/EC	34			KF11	PBMC			
59				CASTGGSYGYTF	TRBV19		TRBJ1-2	HomoSapiens	HLA-B*57:01	B2M	MHCI	KAFSPEVIPMF	Gag	HIV-1	PMID:22278241	Tetramer-sort	2/63		amplicon-seq			CD8+		HIV+-LTNP/EC	34			KF11	PBMC			
60				CSASSGQGSGNTIYF	TRBV20-1		TRBJ1-3	HomoSapiens	HLA-B*57:01	B2M	MHCI	KAFSPEVIPMF	Gag	HIV-1	PMID:22278241	Tetramer-sort	2/63		amplicon-seq			CD8+		HIV+-LTNP/EC	34			KF11	PBMC			
61				CASSGANYGYTF	TRBV6-1		TRBJ1-2	HomoSapiens	HLA-B*57:01	B2M	MHCI	KAFSPEVIPMF	Gag	HIV-1	PMID:22278241	Tetramer-sort	1/63		amplicon-seq			CD8+		HIV+-LTNP/EC	34			KF11	PBMC			
62				CASSGDSYGYTF	TRBV6-1		TRBJ1-2	HomoSapiens	HLA-B*57:01	B2M	MHCI	KAFSPEVIPMF	Gag	HIV-1	PMID:22278241	Tetramer-sort	1/63		amplicon-seq			CD8+		HIV+-LTNP/EC	34			KF11	PBMC			
63				CASSGQDYGYTF	TRBV19		TRBJ1-2	HomoSapiens	HLA-B*57:01	B2M	MHCI	KAFSPEVIPMF	Gag	HIV-1	PMID:22278241	Tetramer-sort	1/63		amplicon-seq			CD8+		HIV+-LTNP/EC	34			KF11	PBMC			
64				CAWSGQVYGYTF	TRBV30		TRBJ1-2	HomoSapiens	HLA-B*57:01	B2M	MHCI	KAFSPEVIPMF	Gag	HIV-1	PMID:22278241	Tetramer-sort	1/63		amplicon-seq			CD8+		HIV+-LTNP/EC	34			KF11	PBMC			
65				CASSGTDYGYTF	TRBV7-9		TRBJ1-2	HomoSapiens	HLA-B*57:01	B2M	MHCI	KAFSPEVIPMF	Gag	HIV-1	PMID:22278241	Tetramer-sort	27/38		amplicon-seq			CD8+		HIV+-progressor-untreated	20			KF11	PBMC			
66				CAQGGSNYGYTF	TRBV7-9		TRBJ1-2	HomoSapiens	HLA-B*57:01	B2M	MHCI	KAFSPEVIPMF	Gag	HIV-1	PMID:22278241	Tetramer-sort	2/38		amplicon-seq			CD8+		HIV+-progressor-untreated	20			KF11	PBMC			
67				CASSSERPSNEQYF	TRBV7-9		TRBJ2-7	HomoSapiens	HLA-B*57:01	B2M	MHCI	KAFSPEVIPMF	Gag	HIV-1	PMID:22278241	Tetramer-sort	2/38		amplicon-seq			CD8+		HIV+-progressor-untreated	20			KF11	PBMC			
68				CASRAQGPIYEQYF	TRBV2		TRBJ2-7	HomoSapiens	HLA-B*57:01	B2M	MHCI	KAFSPEVIPMF	Gag	HIV-1	PMID:22278241	Tetramer-sort	1/38		amplicon-seq			CD8+		HIV+-progressor-untreated	20			KF11	PBMC			
69				CASSGTNYGYTF	TRBV19		TRBJ1-2	HomoSapiens	HLA-B*57:01	B2M	MHCI	KAFSPEVIPMF	Gag	HIV-1	PMID:22278241	Tetramer-sort	1/38		amplicon-seq			CD8+		HIV+-progressor-untreated	20			KF11	PBMC			
70				CASTGGDYGYTF	TRBV19		TRBJ1-2	HomoSapiens	HLA-B*57:01	B2M	MHCI	KAFSPEVIPMF	Gag	HIV-1	PMID:22278241	Tetramer-sort	1/38		amplicon-seq			CD8+		HIV+-progressor-untreated	20			KF11	PBMC			
71				CASTGPYGYTF	TRBV19		TRBJ1-2	HomoSapiens	HLA-B*57:01	B2M	MHCI	KAFSPEVIPMF	Gag	HIV-1	PMID:22278241	Tetramer-sort	1/38		amplicon-seq			CD8+		HIV+-progressor-untreated	20			KF11	PBMC			
72				CASSQFDRALHQTQYF	TRBV23-1		TRBJ2-5	HomoSapiens	HLA-B*57:01	B2M	MHCI	KAFSPEVIPMF	Gag	HIV-1	PMID:22278241	Tetramer-sort	1/38		amplicon-seq			CD8+		HIV+-progressor-untreated	20			KF11	PBMC			
73				CASSLSGSSYNEQGF	TRBV28		TRBJ2-1	HomoSapiens	HLA-B*57:01	B2M	MHCI	KAFSPEVIPMF	Gag	HIV-1	PMID:22278241	Tetramer-sort	1/38		amplicon-seq			CD8+		HIV+-progressor-untreated	20			KF11	PBMC			
74				CALTRSYGYTF	TRBV30		TRBJ1-2	HomoSapiens	HLA-B*57:01	B2M	MHCI	KAFSPEVIPMF	Gag	HIV-1	PMID:22278241	Tetramer-sort	1/38		amplicon-seq			CD8+		HIV+-progressor-untreated	20			KF11	PBMC			
75				CASSPGQGFKTQY	TRBV7-9		TRBJ2-5	HomoSapiens	HLA-B*57:01	B2M	MHCI	KAFSPEVIPMF	Gag	HIV-1	PMID:22278241	Tetramer-sort	37/51		amplicon-seq			CD8+		HIV+-progressor-untreated	35			KF11	PBMC			
76				CASSPGQGGYEQYF	TRBV27		TRBJ2-7	HomoSapiens	HLA-B*57:01	B2M	MHCI	KAFSPEVIPMF	Gag	HIV-1	PMID:22278241	Tetramer-sort	8/51		amplicon-seq			CD8+		HIV+-progressor-untreated	35			KF11	PBMC			
77				CASSYGQAGEQYF	TRBV7-6		TRBJ2-7	HomoSapiens	HLA-B*57:01	B2M	MHCI	KAFSPEVIPMF	Gag	HIV-1	PMID:22278241	Tetramer-sort	4/51		amplicon-seq			CD8+		HIV+-progressor-untreated	35			KF11	PBMC			
78				CASSLGRGQETQYF	TRBV7-9		TRBJ2-5	HomoSapiens	HLA-B*57:01	B2M	MHCI	KAFSPEVIPMF	Gag	HIV-1	PMID:22278241	Tetramer-sort	1/51		amplicon-seq			CD8+		HIV+-progressor-untreated	35			KF11	PBMC			
79				CASSPGQGGYGQY	TRBV27		TRBJ2-7	HomoSapiens	HLA-B*57:01	B2M	MHCI	KAFSPEVIPMF	Gag	HIV-1	PMID:22278241	Tetramer-sort	1/51		amplicon-seq			CD8+		HIV+-progressor-untreated	35			KF11	PBMC			
80				CASTGQGYGYTF	TRBV6-1		TRBJ1-2	HomoSapiens	HLA-B*57:01	B2M	MHCI	KAFSPEVIPMF	Gag	HIV-1	PMID:22278241	Tetramer-sort	7/14		amplicon-seq			CD8+		HIV+-progressor-treated	101			KF11	PBMC			
81				CAEGGRDYGYTF	TRBV7-9		TRBJ1-2	HomoSapiens	HLA-B*57:01	B2M	MHCI	KAFSPEVIPMF	Gag	HIV-1	PMID:22278241	Tetramer-sort	3/14		amplicon-seq			CD8+		HIV+-progressor-treated	101			KF11	PBMC			
82				CASSGRNEQFF	TRBV5-1		TRBJ2-1	HomoSapiens	HLA-B*57:01	B2M	MHCI	KAFSPEVIPMF	Gag	HIV-1	PMID:22278241	Tetramer-sort	2/14		amplicon-seq			CD8+		HIV+-progressor-treated	101			KF11	PBMC			
83				CASSLGDRAFRNIQY	TRBV7-9		TRBJ2-4	HomoSapiens	HLA-B*57:01	B2M	MHCI	KAFSPEVIPMF	Gag	HIV-1	PMID:22278241	Tetramer-sort	2/14		amplicon-seq			CD8+		HIV+-progressor-treated	101			KF11	PBMC			
84				CASTGSYGYTF	TRBV6-1		TRBJ1-2	HomoSapiens	HLA-B*57:01	B2M	MHCI	KAFSPEVIPMF	Gag	HIV-1	PMID:22278241	Tetramer-sort	10/29		amplicon-seq			CD8+		HIV+-progressor-treated	103			KF11	PBMC			
85				CASSQETPRGPPLAKNIQYF	TRBV4-3		TRBJ2-4	HomoSapiens	HLA-B*57:01	B2M	MHCI	KAFSPEVIPMF	Gag	HIV-1	PMID:22278241	Tetramer-sort	6/29		amplicon-seq			CD8+		HIV+-progressor-treated	103			KF11	PBMC			
86				CASTGQGYGYTF	TRBV6-1		TRBJ1-2	HomoSapiens	HLA-B*57:01	B2M	MHCI	KAFSPEVIPMF	Gag	HIV-1	PMID:22278241	Tetramer-sort	4/29		amplicon-seq			CD8+		HIV+-progressor-treated	103			KF11	PBMC			
87				CASSISYEQYF	TRBV11-2		TRBJ2-7	HomoSapiens	HLA-B*57:01	B2M	MHCI	KAFSPEVIPMF	Gag	HIV-1	PMID:22278241	Tetramer-sort	2/29		amplicon-seq			CD8+		HIV+-progressor-treated	103			KF11	PBMC			
88				CASSQETPRGPPLARNIQYF	TRBV4-3		TRBJ2-4	HomoSapiens	HLA-B*57:01	B2M	MHCI	KAFSPEVIPMF	Gag	HIV-1	PMID:22278241	Tetramer-sort	1/29		amplicon-seq			CD8+		HIV+-progressor-treated	103			KF11	PBMC			
89				CASSGGEYGYTF	TRBV6-1		TRBJ1-2	HomoSapiens	HLA-B*57:01	B2M	MHCI	KAFSPEVIPMF	Gag	HIV-1	PMID:22278241	Tetramer-sort	1/29		amplicon-seq			CD8+		HIV+-progressor-treated	103			KF11	PBMC			
90				CASSPRTGPNYGYTF	TRBV7-9		TRBJ1-2	HomoSapiens	HLA-B*57:01	B2M	MHCI	KAFSPEVIPMF	Gag	HIV-1	PMID:22278241	Tetramer-sort	1/29		amplicon-seq			CD8+		HIV+-progressor-treated	103			KF11	PBMC			
91				CASNGQNYGYTF	TRBV19		TRBJ1-2	HomoSapiens	HLA-B*57:01	B2M	MHCI	KAFSPEVIPMF	Gag	HIV-1	PMID:22278241	Tetramer-sort	1/29		amplicon-seq			CD8+		HIV+-progressor-treated	103			KF11	PBMC			
92				CASNGRNYGYTF	TRBV19		TRBJ1-2	HomoSapiens	HLA-B*57:01	B2M	MHCI	KAFSPEVIPMF	Gag	HIV-1	PMID:22278241	Tetramer-sort	1/29		amplicon-seq			CD8+		HIV+-progressor-treated	103			KF11	PBMC			
93				CATTGGNYGYTF	TRBV19		TRBJ1-2	HomoSapiens	HLA-B*57:01	B2M	MHCI	KAFSPEVIPMF	Gag	HIV-1	PMID:22278241	Tetramer-sort	1/29		amplicon-seq			CD8+		HIV+-progressor-treated	103			KF11	PBMC			
94				CASKLAGGYYEQYF	TRBV28		TRBJ2-7	HomoSapiens	HLA-B*57:01	B2M	MHCI	KAFSPEVIPMF	Gag	HIV-1	PMID:22278241	Tetramer-sort	1/29		amplicon-seq			CD8+		HIV+-progressor-treated	103			KF11	PBMC			
95				CASSPWGDGTDTQYF	TRBV7-7		TRBJ2-3	HomoSapiens	HLA-B*57:01	B2M	MHCI	KAFSPEVIPMF	Gag	HIV-1	PMID:22278241	Tetramer-sort	19/43		amplicon-seq			CD8+		HIV+-progressor-treated	105			KF11	PBMC			
96				CASSAPDSQETQYF	TRBV7-9		TRBJ2-5	HomoSapiens	HLA-B*57:01	B2M	MHCI	KAFSPEVIPMF	Gag	HIV-1	PMID:22278241	Tetramer-sort	19/43		amplicon-seq			CD8+		HIV+-progressor-treated	105			KF11	PBMC			
97				CASPREFNTEAFF	TRBV2		TRBJ1-1	HomoSapiens	HLA-B*57:01	B2M	MHCI	KAFSPEVIPMF	Gag	HIV-1	PMID:22278241	Tetramer-sort	2/43		amplicon-seq			CD8+		HIV+-progressor-treated	105			KF11	PBMC			
98				CASTTLGQDQETQYF	TRBV5-4		TRBJ2-5	HomoSapiens	HLA-B*57:01	B2M	MHCI	KAFSPEVIPMF	Gag	HIV-1	PMID:22278241	Tetramer-sort	2/43		amplicon-seq			CD8+		HIV+-progressor-treated	105			KF11	PBMC			
99				CASSDSTGVRQPQHF	TRBV2		TRBJ1-5	HomoSapiens	HLA-B*57:01	B2M	MHCI	KAFSPEVIPMF	Gag	HIV-1	PMID:22278241	Tetramer-sort	1/43		amplicon-seq			CD8+		HIV+-progressor-treated	105			KF11	PBMC			
100				CASSFGTGGVGELFF	TRBV7-8		TRBJ2-2	HomoSapiens	HLA-B*57:01	B2M	MHCI	ISPRTLNAW	Pol	HIV-1	PMID:22278241	Tetramer-sort	23/40		amplicon-seq			CD8+		HIV+-progressor-untreated	106			IW9	PBMC			
101				CASSSATGITGELFF	TRBV7-8		TRBJ2-2	HomoSapiens	HLA-B*57:01	B2M	MHCI	ISPRTLNAW	Pol	HIV-1	PMID:22278241	Tetramer-sort	5/40		amplicon-seq			CD8+		HIV+-progressor-untreated	106			IW9	PBMC			
102				CASSARQGSRTDTQYF	TRBV7-8		TRBJ2-3	HomoSapiens	HLA-B*57:01	B2M	MHCI	ISPRTLNAW	Pol	HIV-1	PMID:22278241	Tetramer-sort	4/40		amplicon-seq			CD8+		HIV+-progressor-untreated	106			IW9	PBMC			
103				CASSQATGNTGELFF	TRBV7-8		TRBJ2-2	HomoSapiens	HLA-B*57:01	B2M	MHCI	ISPRTLNAW	Pol	HIV-1	PMID:22278241	Tetramer-sort	2/40		amplicon-seq			CD8+		HIV+-progressor-untreated	106			IW9	PBMC			
104				CASRMGANTEAFF	TRBV3-1		TRBJ1-1	HomoSapiens	HLA-B*57:01	B2M	MHCI	ISPRTLNAW	Pol	HIV-1	PMID:22278241	Tetramer-sort	1/40		amplicon-seq			CD8+		HIV+-progressor-untreated	106			IW9	PBMC			
105				CASSNPDGTGDNEQFF	TRBV7-7		TRBJ2-1	HomoSapiens	HLA-B*57:01	B2M	MHCI	ISPRTLNAW	Pol	HIV-1	PMID:22278241	Tetramer-sort	1/40		amplicon-seq			CD8+		HIV+-progressor-untreated	106			IW9	PBMC			
106				CASSPLTGATYNEQFF	TRBV7-8		TRBJ2-1	HomoSapiens	HLA-B*57:01	B2M	MHCI	ISPRTLNAW	Pol	HIV-1	PMID:22278241	Tetramer-sort	1/40		amplicon-seq			CD8+		HIV+-progressor-untreated	106			IW9	PBMC			
107				CASSDLTGLTGELFF	TRBV7-8		TRBJ2-2	HomoSapiens	HLA-B*57:01	B2M	MHCI	ISPRTLNAW	Pol	HIV-1	PMID:22278241	Tetramer-sort	1/40		amplicon-seq			CD8+		HIV+-progressor-untreated	106			IW9	PBMC			
108				CASNFGTGGVGELFF	TRBV7-8		TRBJ2-2	HomoSapiens	HLA-B*57:01	B2M	MHCI	ISPRTLNAW	Pol	HIV-1	PMID:22278241	Tetramer-sort	1/40		amplicon-seq			CD8+		HIV+-progressor-untreated	106			IW9	PBMC			
109				CASSLSQGTILYEQYF	TRBV27		TRBJ2-7	HomoSapiens	HLA-B*57:01	B2M	MHCI	ISPRTLNAW	Pol	HIV-1	PMID:22278241	Tetramer-sort	1/40		amplicon-seq			CD8+		HIV+-progressor-untreated	106			IW9	PBMC			
110				CASSAGQGWKEQYF	TRBV7-9		TRBJ2-7	HomoSapiens	HLA-B*57:01	B2M	MHCI	ISPRTLNAW	Pol	HIV-1	PMID:22278241	Tetramer-sort	15/18		amplicon-seq			CD8+		HIV+-progressor-untreated	107			IW9	PBMC			
111				CASSGTQVQPQHF	TRBV7-8		TRBJ1-5	HomoSapiens	HLA-B*57:01	B2M	MHCI	ISPRTLNAW	Pol	HIV-1	PMID:22278241	Tetramer-sort	1/18		amplicon-seq			CD8+		HIV+-progressor-untreated	107			IW9	PBMC			
112				CASNAGQGWKEQYF	TRBV7-9		TRBJ2-7	HomoSapiens	HLA-B*57:01	B2M	MHCI	ISPRTLNAW	Pol	HIV-1	PMID:22278241	Tetramer-sort	1/18		amplicon-seq			CD8+		HIV+-progressor-untreated	107			IW9	PBMC			
113				CASSAGQGWKGQY	TRBV7-9		TRBJ2-7	HomoSapiens	HLA-B*57:01	B2M	MHCI	ISPRTLNAW	Pol	HIV-1	PMID:22278241	Tetramer-sort	1/18		amplicon-seq			CD8+		HIV+-progressor-untreated	107			IW9	PBMC			
114				CASSLIWDRGNYGYTF	TRBV7-3		TRBJ1-2	HomoSapiens	HLA-B*57:01	B2M	MHCI	KAFSPEVIPMF	Gag	HIV-1	PMID:22278241	Tetramer-sort	14/38		amplicon-seq			CD8+		HIV+-progressor-untreated	107			KF11	PBMC			
115				CASSGSGTGYGYTF	TRBV25-1		TRBJ1-2	HomoSapiens	HLA-B*57:01	B2M	MHCI	KAFSPEVIPMF	Gag	HIV-1	PMID:22278241	Tetramer-sort	14/38		amplicon-seq			CD8+		HIV+-progressor-untreated	107			KF11	PBMC			
116				CASSLMQGTDTQYF	TRBV7-6		TRBJ2-3	HomoSapiens	HLA-B*57:01	B2M	MHCI	KAFSPEVIPMF	Gag	HIV-1	PMID:22278241	Tetramer-sort	3/38		amplicon-seq			CD8+		HIV+-progressor-untreated	107			KF11	PBMC			
117				CASSGQGYGYTF	TRBV19		TRBJ1-2	HomoSapiens	HLA-B*57:01	B2M	MHCI	KAFSPEVIPMF	Gag	HIV-1	PMID:22278241	Tetramer-sort	2/38		amplicon-seq			CD8+		HIV+-progressor-untreated	107			KF11	PBMC			
118				CSTGTYGYTF	TRBV19		TRBJ1-2	HomoSapiens	HLA-B*57:01	B2M	MHCI	KAFSPEVIPMF	Gag	HIV-1	PMID:22278241	Tetramer-sort	2/38		amplicon-seq			CD8+		HIV+-progressor-untreated	107			KF11	PBMC			
119				CATSDPNRDTDTQYF	TRBV24-1		TRBJ2-3	HomoSapiens	HLA-B*57:01	B2M	MHCI	KAFSPEVIPMF	Gag	HIV-1	PMID:22278241	Tetramer-sort	2/38		amplicon-seq			CD8+		HIV+-progressor-untreated	107			KF11	PBMC			
120				CATAESYGYTF	TRBV19		TRBJ1-2	HomoSapiens	HLA-B*57:01	B2M	MHCI	KAFSPEVIPMF	Gag	HIV-1	PMID:22278241	Tetramer-sort	1/38		amplicon-seq			CD8+		HIV+-progressor-untreated	107			KF11	PBMC			
121				CASSRYEQYF	TRBV28		TRBJ2-7	HomoSapiens	HLA-B*57:01	B2M	MHCI	ISPRTLNAW	Pol	HIV-1	PMID:22278241	Tetramer-sort	26/48		amplicon-seq			CD8+		HIV+-progressor-untreated	131			IW9	PBMC			
122				CASFLNTEAFF	TRBV7-9		TRBJ1-1	HomoSapiens	HLA-B*57:01	B2M	MHCI	ISPRTLNAW	Pol	HIV-1	PMID:22278241	Tetramer-sort	17/48		amplicon-seq			CD8+		HIV+-progressor-untreated	131			IW9	PBMC			
123				CASSLYEQYF	TRBV28		TRBJ2-7	HomoSapiens	HLA-B*57:01	B2M	MHCI	ISPRTLNAW	Pol	HIV-1	PMID:22278241	Tetramer-sort	2/48		amplicon-seq			CD8+		HIV+-progressor-untreated	131			IW9	PBMC			
124				CASSPADSQETQYF	TRBV5-5		TRBJ2-5	HomoSapiens	HLA-B*57:01	B2M	MHCI	ISPRTLNAW	Pol	HIV-1	PMID:22278241	Tetramer-sort	1/48		amplicon-seq			CD8+		HIV+-progressor-untreated	131			IW9	PBMC			
125				CASFPNTEAFF	TRBV7-9		TRBJ1-1	HomoSapiens	HLA-B*57:01	B2M	MHCI	ISPRTLNAW	Pol	HIV-1	PMID:22278241	Tetramer-sort	1/48		amplicon-seq			CD8+		HIV+-progressor-untreated	131			IW9	PBMC			
126				CASSGIGVF	TRBV28		TRBJ1-4	HomoSapiens	HLA-B*57:01	B2M	MHCI	ISPRTLNAW	Pol	HIV-1	PMID:22278241	Tetramer-sort	1/48		amplicon-seq			CD8+		HIV+-progressor-untreated	131			IW9	PBMC			
127				CASTGSYGYTF	TRBV19		TRBJ1-2	HomoSapiens	HLA-B*57:01	B2M	MHCI	KAFSPEVIPMF	Gag	HIV-1	PMID:22278241	Tetramer-sort	56/90		amplicon-seq			CD8+		HIV+-progressor-untreated	131			KF11	PBMC			
128				CASSGGSYGYTF	TRBV6-1		TRBJ1-2	HomoSapiens	HLA-B*57:01	B2M	MHCI	KAFSPEVIPMF	Gag	HIV-1	PMID:22278241	Tetramer-sort	8/90		amplicon-seq			CD8+		HIV+-progressor-untreated	131			KF11	PBMC			
129				CASSGTYGYTF	TRBV19		TRBJ1-2	HomoSapiens	HLA-B*57:01	B2M	MHCI	KAFSPEVIPMF	Gag	HIV-1	PMID:22278241	Tetramer-sort	7/90		amplicon-seq			CD8+		HIV+-progressor-untreated	131			KF11	PBMC			
130				CATTGGNYGYTF	TRBV19		TRBJ1-2	HomoSapiens	HLA-B*57:01	B2M	MHCI	KAFSPEVIPMF	Gag	HIV-1	PMID:22278241	Tetramer-sort	5/90		amplicon-seq			CD8+		HIV+-progressor-untreated	131			KF11	PBMC			
131				CASSDPGQYGYTF	TRBV25-1		TRBJ1-2	HomoSapiens	HLA-B*57:01	B2M	MHCI	KAFSPEVIPMF	Gag	HIV-1	PMID:22278241	Tetramer-sort	5/90		amplicon-seq			CD8+		HIV+-progressor-untreated	131			KF11	PBMC			
132				CATDTGSYGYTF	TRBV19		TRBJ1-2	HomoSapiens	HLA-B*57:01	B2M	MHCI	KAFSPEVIPMF	Gag	HIV-1	PMID:22278241	Tetramer-sort	4/90		amplicon-seq			CD8+		HIV+-progressor-untreated	131			KF11	PBMC			
133				CASSNTYGYTF	TRBV19		TRBJ1-2	HomoSapiens	HLA-B*57:01	B2M	MHCI	KAFSPEVIPMF	Gag	HIV-1	PMID:22278241	Tetramer-sort	3/90		amplicon-seq			CD8+		HIV+-progressor-untreated	131			KF11	PBMC			
134				CASSGGWYGYTF	TRBV6-7		TRBJ1-2	HomoSapiens	HLA-B*57:01	B2M	MHCI	KAFSPEVIPMF	Gag	HIV-1	PMID:22278241	Tetramer-sort	1/90		amplicon-seq			CD8+		HIV+-progressor-untreated	131			KF11	PBMC			
135				CACSRSYGYTF	TRBV19		TRBJ1-2	HomoSapiens	HLA-B*57:01	B2M	MHCI	KAFSPEVIPMF	Gag	HIV-1	PMID:22278241	Tetramer-sort	1/90		amplicon-seq			CD8+		HIV+-progressor-untreated	131			KF11	PBMC			
